6.297414e-01 0.000000e+00 0.000000e+00 0.000000e+00 0.000000e+00 0.000000e+00 0.000000e+00 
0.000000e+00 2.020824e-01 0.000000e+00 0.000000e+00 0.000000e+00 0.000000e+00 0.000000e+00 
0.000000e+00 0.000000e+00 1.042548e-01 0.000000e+00 0.000000e+00 0.000000e+00 0.000000e+00 
0.000000e+00 0.000000e+00 0.000000e+00 6.392139e-02 0.000000e+00 0.000000e+00 0.000000e+00 
0.000000e+00 0.000000e+00 0.000000e+00 0.000000e+00 2.348956e-22 0.000000e+00 0.000000e+00 
0.000000e+00 0.000000e+00 0.000000e+00 0.000000e+00 0.000000e+00 1.247210e-22 0.000000e+00 
0.000000e+00 0.000000e+00 0.000000e+00 0.000000e+00 0.000000e+00 0.000000e+00 6.074537e-23 
Initial state trace = 1.0000 
rho_0 = 4.203620e-22 

7.507780e-01 -4.463684e-23 -3.914613e-01 -1.148736e-23 -5.699609e-06 1.110805e-27 0.000000e+00 
-2.789368e-23 1.356322e-01 -3.699884e-23 -2.540228e-01 4.958115e-28 3.443576e-06 1.377709e-27 
-3.914613e-01 -2.424433e-23 6.841881e-02 -1.887119e-23 -5.928038e-06 1.412188e-29 9.083090e-07 
-8.918029e-24 -2.540228e-01 -1.025260e-23 4.530490e-02 -7.182618e-28 6.439260e-07 -7.285844e-27 
-5.699609e-06 -1.234069e-27 -5.928038e-06 -2.243909e-28 1.709752e-06 -5.972139e-23 -3.981853e-07 
8.100419e-29 3.443576e-06 -8.956212e-28 6.439260e-07 -5.972139e-23 5.696033e-07 -4.148112e-23 
0.000000e+00 1.617653e-27 9.083090e-07 -8.641080e-27 -3.981853e-07 -4.148112e-23 2.763128e-07 
Final state trace = 1.0001 
rho_0 = 2.555668e-06 
Execution time = 4.1268